image_width: 1600
image_height: 1200
camera_name: camera
camera_matrix:
  rows: 3
  cols: 3
  data: [1629.656024, 0.000000, 803.872967, 0.000000, 1632.763992, 486.071365, 0.000000, 0.000000, 1.000000]
distortion_model: plumb_bob
distortion_coefficients:
  rows: 1
  cols: 5
  data: [0.245392, -0.540971, -0.003937, -0.013458, 0.000000]
rectification_matrix:
  rows: 3
  cols: 3
  data: [1.000000, 0.000000, 0.000000, 0.000000, 1.000000, 0.000000, 0.000000, 0.000000, 1.000000]
projection_matrix:
  rows: 3
  cols: 4
  data: [1675.995483, 0.000000, 788.203575, 0.000000, 0.000000, 1689.441528, 481.841009, 0.000000, 0.000000, 0.000000, 1.000000, 0.000000]
